 0v   matxs *C5G7       *     1
 1d        1     1     9     1  5000    60
 2d 
C5G7 UO2
 3d     n       nscat   u235    
     7     1     1     1     0
 4d          7.00000E+00 6.00000E+00 5.00000E+00 4.00000E+00 3.00000E+00
 2.00000E+00 1.00000E+00  1.0000E-11
 5d u235     1.00000E+00
 3.00000E+02 1.00000E+10     1     4     2     0
 6d     ntot0   nelas   nftot   nutot   
     1     1     1     1     7     7     7     7
 7d          1.77949E-01 3.29805E-01 4.80388E-01 5.54367E-01 3.11801E-01
 3.95168E-01 5.64406E-01 1.69924E-01 3.26087E-01 4.53619E-01 4.58131E-01
 2.81781E-01 2.83908E-01 2.81626E-01 7.21206E-03 8.19301E-04 6.45320E-03
 1.85648E-02 1.78084E-02 8.30348E-02 2.16004E-01 2.78145E+00 2.47443E+00
 2.43383E+00 2.43380E+00 2.43380E+00 2.43380E+00 2.43380E+00
 8d     nelas   
     1     0     7     7     7     7     7     7     7     7     7     7
     7     7     7     7
 9d          0.00000E+00 0.00000E+00 0.00000E+00 0.00000E+00 0.00000E+00
 0.00000E+00 1.27537E-01 0.00000E+00 0.00000E+00 0.00000E+00 0.00000E+00
 0.00000E+00 3.24456E-01 4.23780E-02 0.00000E+00 0.00000E+00 0.00000E+00
 0.00000E+00 4.50940E-01 1.63140E-03 9.43740E-06 0.00000E+00 0.00000E+00
 1.25250E-04 4.52565E-01 2.67920E-03 3.14270E-09 5.51630E-09 0.00000E+00
 1.29680E-03 2.71401E-01 5.56640E-03 0.00000E+00 0.00000E+00 0.00000E+00
 8.54580E-03 2.65802E-01 1.02550E-02 0.00000E+00 0.00000E+00 0.00000E+00
 0.00000E+00 2.73080E-01 1.68090E-02 1.00210E-08 0.00000E+00 0.00000E+00
 0.00000E+00 0.00000E+00
 8d     nf      
     1     1     7     7     7     7     7     7     7     7     7     7
     7     7     7     7
 9d          0.00000E+00 0.00000E+00 0.00000E+00 0.00000E+00 0.00000E+00
 0.00000E+00 0.00000E+00 0.00000E+00 0.00000E+00 0.00000E+00 0.00000E+00
 0.00000E+00 0.00000E+00 0.00000E+00 0.00000E+00 0.00000E+00 0.00000E+00
 0.00000E+00 0.00000E+00 0.00000E+00 0.00000E+00 0.00000E+00 0.00000E+00
 0.00000E+00 0.00000E+00 0.00000E+00 0.00000E+00 0.00000E+00 0.00000E+00
 0.00000E+00 0.00000E+00 0.00000E+00 0.00000E+00 0.00000E+00 0.00000E+00
 0.00000E+00 0.00000E+00 0.00000E+00 0.00000E+00 0.00000E+00 0.00000E+00
 0.00000E+00 0.00000E+00 0.00000E+00 0.00000E+00 0.00000E+00 0.00000E+00
 0.00000E+00 0.00000E+00
10d          5.87910E-01 4.11760E-01 3.39060E-04 1.17610E-07 0.00000E+00
 0.00000E+00 0.00000E+00 1.00000E+00
