 0v   matxs *C5G7    *     1
 1d        1     1     9     1  5000    60
 2d 
C5G7 MOX 4.7%
 3d     n       nscat   MOX4.3
     7     1     1     1     0
 4d          7.00000E+00 6.00000E+00 5.00000E+00 4.00000E+00 3.00000E+00
 2.00000E+00 1.00000E+00  1.0000E-11
 5d MOX4.3   1.00000E+00
 3.00000E+02 1.00000E+10     1     4     2     0
 6d     ntot0   nelas   nftot   nutot   
     1     1     1     1     7     7     7     7
 7d          1.78731E-01 3.30849E-01 4.83772E-01 5.66922E-01 4.26227E-01
 6.78997E-01 6.82852E-01 1.70297E-01 3.27092E-01 4.55802E-01 4.62712E-01
 2.86287E-01 2.69817E-01 2.73502E-01 7.62704E-03 8.76898E-04 5.69835E-03
 2.28872E-02 1.07635E-02 2.32757E-01 2.48968E-01 2.85209E+00 2.89099E+00
 2.85486E+00 2.86073E+00 2.85447E+00 2.86415E+00 2.86780E+00
 8d     nelas   
     1     0     7     7     7     7     7     7     7     7     7     7
     7     7     7     7
 9d          0.00000E+00 0.00000E+00 0.00000E+00 0.00000E+00 0.00000E+00
 0.00000E+00 1.28876E-01 0.00000E+00 0.00000E+00 0.00000E+00 0.00000E+00
 0.00000E+00 3.25452E-01 4.14130E-02 0.00000E+00 0.00000E+00 0.00000E+00
 0.00000E+00 4.53188E-01 1.63950E-03 8.22900E-06 0.00000E+00 0.00000E+00
 1.60460E-04 4.57173E-01 2.61420E-03 1.59820E-09 5.04050E-09 0.00000E+00
 2.00510E-03 2.76814E-01 5.53940E-03 0.00000E+00 0.00000E+00 0.00000E+00
 8.49480E-03 2.52962E-01 9.31270E-03 0.00000E+00 0.00000E+00 0.00000E+00
 0.00000E+00 2.65007E-01 1.48500E-02 9.16560E-09 0.00000E+00 0.00000E+00
 0.00000E+00 0.00000E+00
 8d     nf      
     1     1     7     7     7     7     7     7     7     7     7     7
     7     7     7     7
 9d          0.00000E+00 0.00000E+00 0.00000E+00 0.00000E+00 0.00000E+00
 0.00000E+00 0.00000E+00 0.00000E+00 0.00000E+00 0.00000E+00 0.00000E+00
 0.00000E+00 0.00000E+00 0.00000E+00 0.00000E+00 0.00000E+00 0.00000E+00
 0.00000E+00 0.00000E+00 0.00000E+00 0.00000E+00 0.00000E+00 0.00000E+00
 0.00000E+00 0.00000E+00 0.00000E+00 0.00000E+00 0.00000E+00 0.00000E+00
 0.00000E+00 0.00000E+00 0.00000E+00 0.00000E+00 0.00000E+00 0.00000E+00
 0.00000E+00 0.00000E+00 0.00000E+00 0.00000E+00 0.00000E+00 0.00000E+00
 0.00000E+00 0.00000E+00 0.00000E+00 0.00000E+00 0.00000E+00 0.00000E+00
 0.00000E+00 0.00000E+00
10d          5.87910E-01 4.11760E-01 3.39060E-04 1.17610E-07 0.00000E+00
 0.00000E+00 0.00000E+00 1.00000E+00
