 0v   matxs *C5G7       1    *     1
 1d        1     1     9     1  5000    60
 2d 
C5G7 MOX 7.0%
 3d     n       nscat   MOX7.0
     7     1     1     1     0
 4d          7.00000E+00 6.00000E+00 5.00000E+00 4.00000E+00 3.00000E+00
 2.00000E+00 1.00000E+00  1.0000E-11
 5d MOX7.0   1.00000E+00
 3.00000E+02 1.00000E+10     1     4     2     0
 6d     ntot0   nelas   nftot   nutot   
     1     1     1     1     7     7     7     7
 7d          1.81323E-01 3.34368E-01 4.93785E-01 5.91216E-01 4.74198E-01
 8.33601E-01 8.53603E-01 1.72258E-01 3.30072E-01 4.60904E-01 4.69186E-01
 2.91218E-01 2.65141E-01 2.68394E-01 8.25446E-03 1.32565E-03 8.42156E-03
 3.28730E-02 1.59636E-02 3.23794E-01 3.62803E-01 2.88498E+00 2.91079E+00
 2.86574E+00 2.87063E+00 2.86714E+00 2.86658E+00 2.87539E+00
 8d     nelas   
     1     0     7     7     7     7     7     7     7     7     7     7
     7     7     7     7
 9d          0.00000E+00 0.00000E+00 0.00000E+00 0.00000E+00 0.00000E+00
 0.00000E+00 1.30457E-01 0.00000E+00 0.00000E+00 0.00000E+00 0.00000E+00
 0.00000E+00 3.28428E-01 4.17920E-02 0.00000E+00 0.00000E+00 0.00000E+00
 0.00000E+00 4.58371E-01 1.64360E-03 8.51050E-06 0.00000E+00 0.00000E+00
 1.76190E-04 4.63709E-01 2.53310E-03 2.20170E-09 5.13290E-09 0.00000E+00
 2.27600E-03 2.82313E-01 5.47660E-03 0.00000E+00 0.00000E+00 0.00000E+00
 8.86450E-03 2.49751E-01 8.72890E-03 0.00000E+00 0.00000E+00 0.00000E+00
 0.00000E+00 2.59529E-01 1.31140E-02 9.00160E-09 0.00000E+00 0.00000E+00
 0.00000E+00 0.00000E+00
 8d     nf      
     1     1     7     7     7     7     7     7     7     7     7     7
     7     7     7     7
 9d          0.00000E+00 0.00000E+00 0.00000E+00 0.00000E+00 0.00000E+00
 0.00000E+00 0.00000E+00 0.00000E+00 0.00000E+00 0.00000E+00 0.00000E+00
 0.00000E+00 0.00000E+00 0.00000E+00 0.00000E+00 0.00000E+00 0.00000E+00
 0.00000E+00 0.00000E+00 0.00000E+00 0.00000E+00 0.00000E+00 0.00000E+00
 0.00000E+00 0.00000E+00 0.00000E+00 0.00000E+00 0.00000E+00 0.00000E+00
 0.00000E+00 0.00000E+00 0.00000E+00 0.00000E+00 0.00000E+00 0.00000E+00
 0.00000E+00 0.00000E+00 0.00000E+00 0.00000E+00 0.00000E+00 0.00000E+00
 0.00000E+00 0.00000E+00 0.00000E+00 0.00000E+00 0.00000E+00 0.00000E+00
 0.00000E+00 0.00000E+00
10d          5.87910E-01 4.11760E-01 3.39060E-04 1.17610E-07 0.00000E+00
 0.00000E+00 0.00000E+00 1.00000E+00
