 0v   matxs *C5G7            *     1
 1d        1     1     9     1  5000    60
 2d 
C5G7 MOX 8.7%
 3d     n       nscat   MOX8.7
     7     1     1     1     0
 4d          7.00000E+00 6.00000E+00 5.00000E+00 4.00000E+00 3.00000E+00
 2.00000E+00 1.00000E+00  1.0000E-11
 5d MOX8.7   1.00000E+00
 3.00000E+02 1.00000E+10     1     4     2     0
 6d     ntot0   nelas   nftot   nutot   
     1     1     1     1     7     7     7     7
 7d          1.83045E-01 3.36705E-01 5.00507E-01 6.06174E-01 5.02754E-01
 9.21028E-01 9.55231E-01 1.73559E-01 3.32049E-01 4.64267E-01 4.73454E-01
 2.94354E-01 2.62328E-01 2.65061E-01 8.67209E-03 1.62426E-03 1.02716E-02
 3.90447E-02 1.92576E-02 3.74888E-01 4.30599E-01 2.90426E+00 2.91795E+00
 2.86986E+00 2.87491E+00 2.87175E+00 2.86752E+00 2.87808E+00
 8d     nelas   
     1     0     7     7     7     7     7     7     7     7     7     7
     7     7     7     7
 9d          0.00000E+00 0.00000E+00 0.00000E+00 0.00000E+00 0.00000E+00
 0.00000E+00 1.31504E-01 0.00000E+00 0.00000E+00 0.00000E+00 0.00000E+00
 0.00000E+00 3.30403E-01 4.20460E-02 0.00000E+00 0.00000E+00 0.00000E+00
 0.00000E+00 4.61792E-01 1.64630E-03 8.69720E-06 0.00000E+00 0.00000E+00
 1.85970E-04 4.68021E-01 2.47490E-03 2.60060E-09 5.19380E-09 0.00000E+00
 2.39160E-03 2.85771E-01 5.43300E-03 0.00000E+00 0.00000E+00 0.00000E+00
 8.96810E-03 2.47614E-01 8.39730E-03 0.00000E+00 0.00000E+00 0.00000E+00
 0.00000E+00 2.56093E-01 1.23220E-02 8.92800E-09 0.00000E+00 0.00000E+00
 0.00000E+00 0.00000E+00
 8d     nf      
     1     1     7     7     7     7     7     7     7     7     7     7
     7     7     7     7
 9d          0.00000E+00 0.00000E+00 0.00000E+00 0.00000E+00 0.00000E+00
 0.00000E+00 0.00000E+00 0.00000E+00 0.00000E+00 0.00000E+00 0.00000E+00
 0.00000E+00 0.00000E+00 0.00000E+00 0.00000E+00 0.00000E+00 0.00000E+00
 0.00000E+00 0.00000E+00 0.00000E+00 0.00000E+00 0.00000E+00 0.00000E+00
 0.00000E+00 0.00000E+00 0.00000E+00 0.00000E+00 0.00000E+00 0.00000E+00
 0.00000E+00 0.00000E+00 0.00000E+00 0.00000E+00 0.00000E+00 0.00000E+00
 0.00000E+00 0.00000E+00 0.00000E+00 0.00000E+00 0.00000E+00 0.00000E+00
 0.00000E+00 0.00000E+00 0.00000E+00 0.00000E+00 0.00000E+00 0.00000E+00
 0.00000E+00 0.00000E+00
10d          5.87910E-01 4.11760E-01 3.39060E-04 1.17610E-07 0.00000E+00
 0.00000E+00 0.00000E+00 1.00000E+00
