 0v   matxs *C5G7            *     1
 1d        1     1     9     1  5000    60
 2d 
C5G7 Fission Chamber                
 3d     n       nscat   Fischam
     7     1     1     1     0
 4d          7.00000E+00 6.00000E+00 5.00000E+00 4.00000E+00 3.00000E+00
 2.00000E+00 1.00000E+00  1.0000E-11
 5d fischam  1.00000E+00
 3.00000E+02 1.00000E+10     1     4     2     0
 6d     ntot0   nelas   nftot   nutot   
     1     1     1     1     7     7     7     7
 7d          1.26032E-01 2.93160E-01 2.84250E-01 2.81020E-01 3.34460E-01
 5.65640E-01 1.17214E+00 1.25521E-01 2.93085E-01 2.83934E-01 2.79853E-01
 3.31062E-01 5.56451E-01 1.14889E+00 4.79002E-09 5.82564E-09 4.63719E-07
 5.24406E-06 1.45390E-07 7.14972E-07 2.08041E-06 2.76283E+00 2.46239E+00
 2.43380E+00 2.43380E+00 2.43380E+00 2.43380E+00 2.43380E+00
 8d     nelas   
     1     0     7     7     7     7     7     7     7     7     7     7
     7     7     7     7
 9d          0.00000E+00 0.00000E+00 0.00000E+00 0.00000E+00 0.00000E+00
 0.00000E+00 6.61659E-02 0.00000E+00 0.00000E+00 0.00000E+00 0.00000E+00
 0.00000E+00 2.40377E-01 5.90700E-02 0.00000E+00 0.00000E+00 0.00000E+00
 0.00000E+00 1.83425E-01 5.24350E-02 2.83340E-04 0.00000E+00 0.00000E+00
 3.73400E-05 7.90769E-02 9.22880E-02 2.49900E-04 1.46220E-06 0.00000E+00
 9.17420E-04 9.97570E-02 1.69990E-01 6.93650E-03 1.92390E-05 2.06420E-08
 4.97930E-02 3.16774E-01 2.06790E-01 2.58600E-02 1.07900E-03 2.98750E-06
 0.00000E+00 1.09910E+00 2.38760E-01 2.44780E-02 4.92560E-03 2.05430E-04
 4.21400E-07 0.00000E+00
 8d     nf      
     1     1     7     7     7     7     7     7     7     7     7     7
     7     7     7     7
 9d          0.00000E+00 0.00000E+00 0.00000E+00 0.00000E+00 0.00000E+00
 0.00000E+00 0.00000E+00 0.00000E+00 0.00000E+00 0.00000E+00 0.00000E+00
 0.00000E+00 0.00000E+00 0.00000E+00 0.00000E+00 0.00000E+00 0.00000E+00
 0.00000E+00 0.00000E+00 0.00000E+00 0.00000E+00 0.00000E+00 0.00000E+00
 0.00000E+00 0.00000E+00 0.00000E+00 0.00000E+00 0.00000E+00 0.00000E+00
 0.00000E+00 0.00000E+00 0.00000E+00 0.00000E+00 0.00000E+00 0.00000E+00
 0.00000E+00 0.00000E+00 0.00000E+00 0.00000E+00 0.00000E+00 0.00000E+00
 0.00000E+00 0.00000E+00 0.00000E+00 0.00000E+00 0.00000E+00 0.00000E+00
 0.00000E+00 0.00000E+00
10d          5.87910E-01 4.11760E-01 3.39060E-04 1.17610E-07 0.00000E+00
 0.00000E+00 0.00000E+00 1.00000E+00
