 0v   matxs *C5G7            *     1
 1d        1     1     9     1  5000    60
 2d 
C5G7 Guide Tube
 3d     n       nscat   Guide
     7     1     1     1     0
 4d          7.00000E+00 6.00000E+00 5.00000E+00 4.00000E+00 3.00000E+00
 2.00000E+00 1.00000E+00  1.0000E-11
 5d Guide    1.00000E+00
 3.00000E+02 1.00000E+10     1     4     2     0
 6d     ntot0   nelas   nftot   nutot   
     1     1     1     1     7     7     7     7
 7d          1.26032E-01 2.93160E-01 2.84240E-01 2.80960E-01 3.34440E-01
 5.65640E-01 1.17215E+00 1.25521E-01 2.93085E-01 2.83925E-01 2.79802E-01
 3.31043E-01 5.56452E-01 1.14891E+00 0.00000E+00 0.00000E+00 0.00000E+00
 0.00000E+00 0.00000E+00 0.00000E+00 0.00000E+00 0.00000E+00 0.00000E+00
 0.00000E+00 0.00000E+00 0.00000E+00 0.00000E+00 0.00000E+00
 8d     nelas   
     1     0     7     7     7     7     7     7     7     7     7     7
     7     7     7     7
 9d          0.00000E+00 0.00000E+00 0.00000E+00 0.00000E+00 0.00000E+00
 0.00000E+00 6.61659E-02 0.00000E+00 0.00000E+00 0.00000E+00 0.00000E+00
 0.00000E+00 2.40377E-01 5.90700E-02 0.00000E+00 0.00000E+00 0.00000E+00
 0.00000E+00 1.83297E-01 5.24350E-02 2.83340E-04 0.00000E+00 0.00000E+00
 3.73330E-05 7.88511E-02 9.23970E-02 2.49900E-04 1.46220E-06 0.00000E+00
 9.17260E-04 9.97372E-02 1.70140E-01 6.94460E-03 1.92390E-05 2.06420E-08
 4.97920E-02 3.16765E-01 2.06790E-01 2.58810E-02 1.08030E-03 2.98750E-06
 0.00000E+00 1.09912E+00 2.38770E-01 2.44780E-02 4.92970E-03 2.05670E-04
 4.21400E-07 0.00000E+00
 8d     nf      
     1     1     7     7     7     7     7     7     7     7     7     7
     7     7     7     7
 9d          0.00000E+00 0.00000E+00 0.00000E+00 0.00000E+00 0.00000E+00
 0.00000E+00 0.00000E+00 0.00000E+00 0.00000E+00 0.00000E+00 0.00000E+00
 0.00000E+00 0.00000E+00 0.00000E+00 0.00000E+00 0.00000E+00 0.00000E+00
 0.00000E+00 0.00000E+00 0.00000E+00 0.00000E+00 0.00000E+00 0.00000E+00
 0.00000E+00 0.00000E+00 0.00000E+00 0.00000E+00 0.00000E+00 0.00000E+00
 0.00000E+00 0.00000E+00 0.00000E+00 0.00000E+00 0.00000E+00 0.00000E+00
 0.00000E+00 0.00000E+00 0.00000E+00 0.00000E+00 0.00000E+00 0.00000E+00
 0.00000E+00 0.00000E+00 0.00000E+00 0.00000E+00 0.00000E+00 0.00000E+00
 0.00000E+00 0.00000E+00
10d          0.00000E+00 0.00000E+00 0.00000E+00 0.00000E+00 0.00000E+00
 0.00000E+00 0.00000E+00 1.00000E+00
