 0v   matxs *C5G7            *     1
 1d        1     1     9     1  5000    60
 2d 
C5G7 Moderator
 3d     n       nscat   MOD
     7     1     1     1     0
 4d          7.00000E+00 6.00000E+00 5.00000E+00 4.00000E+00 3.00000E+00
 2.00000E+00 1.00000E+00  1.0000E-11
 5d MOD      1.00000E+00
 3.00000E+02 1.00000E+10     1     4     2     0
 6d     ntot0   nelas   nf      nutot   
     1     1     1     1     7     7     7     7
 7d          1.59206E-01 4.12970E-01 5.90310E-01 5.84350E-01 7.18000E-01
 1.25445E+00 2.65038E+00 1.58605E-01 4.12954E-01 5.89973E-01 5.82409E-01
 7.12258E-01 1.23945E+00 2.61314E+00 0.00000E+00 0.00000E+00 0.00000E+00
 0.00000E+00 0.00000E+00 0.00000E+00 0.00000E+00 0.00000E+00 0.00000E+00
 0.00000E+00 0.00000E+00 0.00000E+00 0.00000E+00 0.00000E+00
 8d     nelas   
     1     0     7     7     7     7     7     7     7     7     7     7
     7     7     7     7
 9d          0.00000E+00 0.00000E+00 0.00000E+00 0.00000E+00 0.00000E+00
 0.00000E+00 4.44777E-02 0.00000E+00 0.00000E+00 0.00000E+00 0.00000E+00
 0.00000E+00 2.82334E-01 1.13400E-01 0.00000E+00 0.00000E+00 0.00000E+00
 0.00000E+00 3.45256E-01 1.29940E-01 7.23470E-04 0.00000E+00 0.00000E+00
 7.14370E-05 9.10284E-02 2.24570E-01 6.23400E-04 3.74990E-06 0.00000E+00
 2.21570E-03 1.39138E-01 4.15510E-01 1.69990E-02 4.80020E-05 5.31840E-08
 1.32440E-01 6.99913E-01 5.11820E-01 6.37320E-02 2.64430E-03 7.44860E-06
 0.00000E+00 2.48070E+00 5.37320E-01 6.12290E-02 1.21390E-02 5.03440E-04
 1.04550E-06 0.00000E+00
 8d     nf      
     1     1     7     7     7     7     7     7     7     7     7     7
     7     7     7     7
 9d          0.00000E+00 0.00000E+00 0.00000E+00 0.00000E+00 0.00000E+00
 0.00000E+00 0.00000E+00 0.00000E+00 0.00000E+00 0.00000E+00 0.00000E+00
 0.00000E+00 0.00000E+00 0.00000E+00 0.00000E+00 0.00000E+00 0.00000E+00
 0.00000E+00 0.00000E+00 0.00000E+00 0.00000E+00 0.00000E+00 0.00000E+00
 0.00000E+00 0.00000E+00 0.00000E+00 0.00000E+00 0.00000E+00 0.00000E+00
 0.00000E+00 0.00000E+00 0.00000E+00 0.00000E+00 0.00000E+00 0.00000E+00
 0.00000E+00 0.00000E+00 0.00000E+00 0.00000E+00 0.00000E+00 0.00000E+00
 0.00000E+00 0.00000E+00 0.00000E+00 0.00000E+00 0.00000E+00 0.00000E+00
 0.00000E+00 0.00000E+00
10d          0.00000E+00 0.00000E+00 0.00000E+00 0.00000E+00 0.00000E+00
 0.00000E+00 0.00000E+00 1.00000E+00
